4294967278,132
4294967278,131
4294967278,130
4294967278,129
4294967278,128
4294967278,127
4294967278,126
4294967278,125
4294967278,124
4294967278,123
4294967278,122
4294967278,121
4294967278,120
4294967278,119
4294967278,118
4294967278,117
4294967278,116
4294967278,115
4294967278,114
4294967278,113
4294967278,112
4294967278,111
4294967278,110
4294967278,109
4294967278,108
4294967278,107
4294967278,106
4294967278,105
4294967278,104
4294967278,103
4294967278,102
4294967278,101
4294967278,100
4294967278,99
4294967278,98
4294967278,97
4294967278,96
4294967278,95
4294967278,94
4294967278,93
4294967278,92
4294967278,91
4294967278,90
4294967278,89
4294967278,87
4294967278,86
4294967278,85
4294967278,84
4294967278,83
4294967278,82
4294967278,81
4294967278,80
4294967278,79
4294967278,78
4294967278,77
4294967278,76
4294967278,75
4294967278,74
4294967278,73
4294967278,72
4294967278,71
4294967278,70
4294967278,69
4294967278,68
4294967278,67
4294967278,66
4294967278,65
4294967278,64
4294967278,63
4294967278,62
4294967278,61
4294967278,60
4294967278,59
4294967278,58
4294967278,57
4294967278,56
4294967278,55
4294967279,75
4294967279,74
4294967279,73
4294967279,72
4294967279,70
4294967279,69
4294967279,65
4294967279,61
4294967279,60
4294967279,54
4294967279,53
4294967279,48
4294967279,41
4294967279,39
4294967279,37
4294967279,35
4294967279,32
4294967279,29
4294967279,27
4294967279,26
4294967279,14
4294967279,12
4294967279,9
4294967279,8
4294967279,7
4294967279,6
4294967279,5
4294967279,4
4294967279,455
4294967279,0
4294967294,7
4294967294,6
4294967294,5
4294967278,155
4294967278,154
4294967279,154
4294967278,153
4294967278,151
4294967279,151
4294967278,150
0,5
4294967279,150
4294967278,149
4294967293,131
4294967293,130
4294967293,129
4294967293,128
4294967293,127
4294967293,126
4294967293,125
4294967293,124
4294967293,123
4294967293,122
4294967293,121
4294967293,120
4294967293,119
4294967293,118
4294967293,117
4294967293,116
4294967293,115
4294967293,114
4294967293,113
4294967293,112
4294967293,111
4294967293,110
4294967293,109
4294967293,108
4294967293,107
4294967293,106
4294967293,105
4294967293,104
4294967293,103
4294967293,102
4294967293,101
4294967293,100
4294967293,99
4294967293,98
4294967293,97
4294967293,96
4294967293,95
4294967293,94
4294967293,93
4294967293,92
4294967293,91
4294967293,90
4294967293,89
4294967293,87
4294967293,86
4294967293,85
4294967293,84
4294967293,83
4294967293,82
4294967293,81
4294967293,80
4294967293,79
4294967293,78
4294967293,77
4294967293,76
4294967293,75
4294967293,74
4294967293,73
4294967293,72
4294967293,71
4294967293,70
4294967293,69
4294967293,68
4294967293,67
4294967293,66
4294967293,65
4294967293,64
4294967293,63
4294967293,62
4294967293,61
4294967293,60
4294967293,59
4294967293,58
4294967293,57
4294967293,56
4294967293,55
4294967293,54
4294967293,53
4294967293,52
4294967293,51
4294967293,50
4294967293,49
4294967293,48
4294967293,47
4294967293,46
4294967293,45
4294967293,44
4294967293,43
4294967293,42
4294967293,41
4294967293,40
4294967293,39
4294967293,38
4294967293,37
4294967293,36
4294967293,35
4294967293,34
4294967293,33
4294967293,32
4294967293,31
4294967293,30
4294967293,29
4294967293,28
4294967293,27
4294967293,26
4294967293,25
4294967293,24
4294967293,23
4294967293,22
4294967293,21
4294967293,20
4294967293,19
4294967293,18
4294967293,17
4294967293,16
4294967293,15
4294967293,14
4294967293,13
4294967293,12
4294967293,11
4294967293,10
4294967293,9
4294967293,8
4294967293,7
4294967293,6
4294967293,5
4294967293,4
4294967293,3
4294967279,108
4294967279,107
4294967279,106
4294967279,105
4294967279,103
4294967279,101
4294967279,99
4294967279,98
4294967279,97
4294967279,96
4294967279,94
4294967279,90
4294967279,87
4294967279,85
4294967279,84
4294967279,83
4294967279,82
4294967279,81
4294967279,78
4294967279,76
4294967278,147
4294967278,144
4294967279,144
4294967278,143
4294967279,142
4294967279,423
4294967278,352
4294967278,138
4294967279,279
4294967294,1428
4294967278,276
4294967278,270
110,6
4294967294,1422
4294967278,272
110,5
110,4
4294967278,271
110,3
110,2
110,1
4294967278,285
4294967279,454
4294967279,282
4294967278,266
4294967278,399
4294967279,281
4294967294,481
4294967294,1166
4294967294,157
4294967278,378
4294967279,399
4294967279,395
4294967278,326
4294967278,250
107,5
107,4
4294967278,252
107,3
107,2
107,1
4294967279,392
4294967279,245
4294967278,398
4294967278,237
4294967278,363
4294967279,237
4294967278,233
4294967279,104
4294967278,227
105,5
105,4
105,3
105,2
105,1
4294967278,216
4294967278,215
4294967279,95
4294967294,480
4294967294,183
4294967294,420
4294967294,109
4294967294,386
4294967294,462
4294967279,102
4294967279,100
4294967279,439
4294967278,397
4294967279,432
4294967279,93
4294967279,431
4294967278,350
4294967279,92
4294967278,396
4294967279,91
4294967279,389
4294967294,1427
4294967279,89
4294967278,200
4294967279,86
4294967279,198
103,6
4294967278,196
103,5
103,4
103,3
103,2
103,1
4294967278,395
4294967279,80
4294967278,394
4294967279,79
4294967278,190
4294967279,77
4294967279,316
4294967278,311
4294967278,186
4294967278,182
4294967279,183
100,4
4294967278,177
100,3
100,2
100,1
4294967279,178
4294967278,176
4294967279,177
4294967278,393
4294967278,392
4294967278,170
4294967279,171
4294967278,298
4294967279,303
4294967278,297
99,6
99,5
99,4
99,3
99,2
99,1
4294967278,343
4294967278,391
4294967279,162
4294967279,301
4294967278,295
4294967279,160
4294967278,342
4294967279,157
4294967278,152
4294967278,339
4294967279,409
4294967279,145
96,7
4294967279,293
4294967278,142
4294967278,336
